61222
20263
63671
29094
59828
64167
90059
21140
32075
23934
19417
27896
79102
07780
45748
79467
13488
66346
70262
57055
21739
27001
32430
94092
01929
61846
68391
71522
93140
88434
29833
99500
10753
47973
52714
78696
42723
97146
91335
05798
32677
47254
57024
50432
07154
43842
31603
82807
06911
09243
06952
62928
14069
54281
33046
56923
06483
15416
10591
34925
87639
85702
73204
08522
54634
80633
94444
18607
79336
20368
46814
80491
12603
59709
45133
26267
51508
66146
25291
48476
00604
60812
50155
69976
70150
72711
35565
02303
64007
03900
05296
78211
02910
54070
25084
19543
16362
76777
24634
15286
01925
88702
47227
85641
23986
79188
94290
10913
26354
74660
05990
23281
82889
34923
65025
47195
29777
74800
77968
19900
99468
06282
96188
58370
64550
40240
20697
69637
46548
06657
62411
50985
26204
82500
93863
71056
65928
85926
59553
91970
05848
15097
36051
13600
10213
80130
81758
88996
52029
69008
08403
59080
62554
48896
38162
36802
56678
54156
62320
74585
32905
05513
29605
15881
18863
03350
86182
37524
82459
21325
07696
34282
26086
77715
46451
09252
83245
87228
85036
01600
34985
89992
28119
54733
19134
60341
07702
83970
10418
76576
91564
35780
12576
05019
16353
84115
87302
92829
36658
61228
17650
10209
14372
03001
12516
04154
42595
63762
94134
31035
40601
00770
24942
57834
07909
74071
93299
21967
96346
61260
45619
54988
18638
69337
11616
38085
40759
41358
65239
05329
85875
46333
83682
90504
18909
64726
31902
79793
40758
12615
57284
58954
34822
17478
64100
69294
43988
21851
87942
69477
70536
18727
32865
15866
74180
43812
54206
90513
43104
89841
30024
69015
05492
11044
37123
65332
95525
88914
64873
75930
69235
28408
72353
60808
58749
10020
56232
91007
03177
29628
89997
13197
44750
52446
74189
38067
79531
27056
16905
80016
48856
40942
80153
43597
00460
80975
26441
50724
05142
26756
83774
13435
99420
70191
23810
25155
11854
51738
93688
69051
23158
84654
58981
30364
20083
20838
40582
42140
32034
85616
12393
34816
80884
65275
78350
94118
53117
45399
79688
69481
12233
84312
59235
95404
03808
60808
47017
55293
68842
38273
53667
50607
46311
05635
17573
20087
38637
29290
06299
06952
62762
11365
09888
55875
38764
04516
89782
14179
97106
33120
19484
74434
25464
23142
75686
45506
93284
24326
28398
36341
12912
98526
07976
37793
91208
85474
43829
39340
57846
03881
36527
03499
13772
14082
23572
55188
74338
42849
22665
01386
20155
83396
12308
48083
50260
70952
75898
79749
91273
08608
36565
76884
06640
80639
40008
17229
21033
13429
93022
81217
48881
80594
91325
28941
47971
36674
39420
63910
43504
51680
00826
41035
86224
30766
16632
71221
31346
81715
61472
50794
36329
53693
67323
67949
20980
62819
48898
74002
07489
34731
70979
02523
19717
95684
81799
86669
14514
94856
61418
30065
72500
37913
16083
09841
20562
07743
75270
58120
35763
10969
41958
73611
80391
06241
41899
40260
12230
56649
13226
82831
12929
46449
47328
86525
77127
24124
63193
31311
12556
65325
67175
50681
65118
25395
88794
22752
55990
73127
20652
41642
99064
76414
44156
29553
38299
08518
87647
82995
22364
93436
61608
22686
59090
52584
55444
16473
02692
49051
86378
12725
20916
42995
61457
53583
87322
30913
80020
78725
63548
11445
91752
40674
17175
98143
81423
41994
92416
02607
76947
16254
36577
98028
18551
36801
25670
04161
39033
35820
45516
29073
53029
06296
98195
99926
87729
07815
00010
86571
15579
52600
98895
11664
88398
86398
37736
82445
98965
01036
50883
17752
40494
62625
49497
93605
09624
24049
72582
05244
57450
21039
97810
28737
33346
44150
30687
46799
81286
06177
51815
93379
56258
56109
73183
27041
95605
40666
44385
05911
96636
06279
74184
28527
14057
50208
73021
59972
17715
83011
18113
68415
97627
59543
60782
37613
96062
54256
09758
02582
45033
22548
67888
99808
97383
84606
93219
86872
77255
67482
39852
80015
24063
16883
29122
15458
28547
67217
65589
80185
87662
24104
78857
82216
11831
32107
68026
08013
72273
47463
95258
38217
25400
06204
69788
52925
18393
47271
97697
85522
13183
76595
28074
83562
71171
40172
49544
95091
60781
99287
68237
01906
51755
69964
74878
19224
47314
91474
23402
15625
88708
59569
73552
10891
25549
21705
77788
13295
79457
09150
80808
67815
86221
68320
34988
78975
43087
37627
47410
04102
57398
81729
48613
02382
50551
11622
50703
89822
80255
22255
81485
54058
29666
78924
57554
37715
90374
36972
99173
47840
67756
45129
25492
12842
08692
96621
62901
22716
16837
46541
92404
04402
85852
97772
13307
35457
04281
46166
13189
00545
46494
97570
97516
64761
01112
64643
92997
77917
61537
35748
00901
42274
91421
71315
29240
57301
65525
06453
23928
50084
40425
32392
09867
21943
18284
61668
38405
59310
72653
67249
66854
72816
47926
90445
27578
35702
69149
85804
06709
52057
24578
42160
22782
03081
60256
49241
33865
50313
35868
17405
80805
38884
67262
52247
19082
77866
93399
89811
73009
16203
09486
53399
55245
95472
29479
08110
21536
27767
48674
37437
11459
86938
14081
77629
47408
02909
31724
31710
95171
19537
20897
61183
78160
71728
25547
48855
30526
63377
62130
06132
89980
34751
93598
81641
59273
64896
88887
36884
92880
37406
31708
87878
75055
70211
03140
48653
21055
66469
02820
80894
92816
34190
53763
52908
90677
84633
02363
24318
26233
48994
58969
89858
45894
03835
62526
45007
61110
70076
12597
38533
47079
11824
50747
92172
39446
46612
01121
33871
87742
04900
55168
27158
72272
39231
15268
71713
59897
09242
24533
43000
05080
07522
20445
35262
61231
71629
19083
13988
59811
49519
91106
34433
19266
23774
86022
40941
47164
07196
90495
44822
18151
79180
48168
08416
11023
45296
89960
74202
82635
14107
84414
97073
49749
24677
53933
02453
02381
46353
71986
66181
43534
42069
42491
36916
00476
97561
28760
54533
46517
12470
49218
93037
80358
58588
94014
88119
37960
61304
18085
71375
55495
95105
08834
55699
42643
76045
19932
65609
78703
61936
06531
59465
87902
52059
53222
17321
78131
06602
17254
71360
83615
90098
23605
24774
65081
25862
34518
50596
83409
26105
95280
47946
65747
47604
97536
20968
22648
80426
90341
24347
32235
38019
07254
93160
58175
34252
59425
75032
08588
22220
54965
08125
40127
71661
50753
99636
13327
94704
81634
11393
22326
78061
